 
   θ1 (градусы)  θ2 (градусы)          X          Y
0             0             0   1.000000   0.000000
1            18            18   2.087373  -1.921129
2            36            36   4.809017  -2.318385
3            54            54   7.762203  -0.327299
4            72            72   9.253289   3.857227
5            90            90   8.000000   9.000000
6           108           108   3.690983  13.261791
7           126           126  -2.817931  14.889605
8           144           144  -9.753289  12.898519
9           162           162 -15.031645   7.483435