0 0.3346354171875 0.3046875 0.3216145828125 0.30078125 0.3059895828125 0.30078125 0.29296875 0.3046875 0.28125 0.3134765625 0.28125 0.3173828125 0.2786458328125 0.3193359375 0.2877604171875 0.328125 0.30078125 0.33203125 0.3229166671875 0.3310546875 0.3372395828125 0.326171875 0.34375 0.3193359375 0.34375 0.3134765625 0.3346354171875 0.3046875
0 0.6158854171875 0.298828125 0.6106770828125 0.298828125 0.6080729171875 0.296875 0.5924479171875 0.296875 0.5794270828125 0.30078125 0.5729166671875 0.3056640625 0.5703125 0.3095703125 0.5703125 0.3173828125 0.5794270828125 0.32421875 0.58984375 0.328125 0.6145833328125 0.3271484375 0.62109375 0.326171875 0.6302083328125 0.3193359375 0.6302083328125 0.3095703125 0.6158854171875 0.298828125
0 0.7942708328125 0.4345703125 0.7864583328125 0.4228515625 0.77734375 0.416015625 0.7591145828125 0.408203125 0.7486979171875 0.41015625 0.7369791671875 0.4189453125 0.7369791671875 0.4365234375 0.7395833328125 0.4404296875 0.7513020828125 0.447265625 0.76171875 0.447265625 0.7643229171875 0.44921875 0.7864583328125 0.4482421875 0.7916666671875 0.4443359375 0.7916666671875 0.4404296875 0.7942708328125 0.4384765625 0.7942708328125 0.4345703125
0 0.7330729171875 0.396484375 0.7122395828125 0.388671875 0.6796875 0.3896484375 0.6744791671875 0.3955078125 0.6744791671875 0.4033203125 0.6796875 0.4130859375 0.6861979171875 0.41796875 0.69140625 0.419921875 0.7265625 0.4189453125 0.7330729171875 0.416015625 0.7395833328125 0.4091796875 0.7395833328125 0.4013671875 0.7330729171875 0.396484375
0 0.7630208328125 0.3662109375 0.7604166671875 0.3623046875 0.75390625 0.359375 0.7252604171875 0.359375 0.7135416671875 0.3681640625 0.7135416671875 0.3759765625 0.7161458328125 0.3798828125 0.7278645828125 0.388671875 0.7434895828125 0.39453125 0.7526041671875 0.3955078125 0.765625 0.3876953125 0.765625 0.3759765625 0.7630208328125 0.3740234375 0.7630208328125 0.3662109375
0 0.8138020828125001 0.38671875 0.79296875 0.38671875 0.7903645828125 0.388671875 0.7825520828125 0.388671875 0.765625 0.3994140625 0.765625 0.4013671875 0.7747395828125 0.408203125 0.79296875 0.416015625 0.7981770828125 0.416015625 0.8059895828125001 0.419921875 0.8229166671874999 0.4189453125 0.828125 0.4130859375 0.828125 0.4052734375 0.8203125 0.3916015625 0.8138020828125001 0.38671875
0 0.21354166718749998 0.3818359375 0.20833333281250002 0.3720703125 0.20182291718749998 0.3671875 0.19140625 0.36328125 0.1731770828125 0.36328125 0.1705729171875 0.365234375 0.1575520828125 0.3671875 0.1458333328125 0.3779296875 0.1458333328125 0.3876953125 0.15234375 0.392578125 0.16796875 0.3984375 0.1731770828125 0.3984375 0.17578125 0.400390625 0.1848958328125 0.3994140625 0.20182291718749998 0.39453125 0.2109375 0.3876953125 0.2109375 0.3837890625 0.21354166718749998 0.3818359375
0 0.2734375 0.4091796875 0.26171875 0.3984375 0.2565104171875 0.3984375 0.25390625 0.396484375 0.23046875 0.396484375 0.22786458281250002 0.3984375 0.22265625 0.3984375 0.2109375 0.4091796875 0.2109375 0.4228515625 0.22005208281250002 0.4296875 0.23046875 0.43359375 0.23828125 0.43359375 0.24088541718749998 0.435546875 0.24739583281250002 0.4345703125 0.25390625 0.43359375 0.2708333328125 0.4228515625 0.2734375 0.4189453125 0.2734375 0.4091796875
0 0.1380208328125 0.4189453125 0.1328125 0.4111328125 0.12109375 0.40234375 0.1158854171875 0.40234375 0.11328125 0.400390625 0.09765625 0.400390625 0.07942708281250001 0.40625 0.0703125 0.4150390625 0.0703125 0.4189453125 0.06770833281250001 0.4208984375 0.06770833281250001 0.4345703125 0.07421875 0.439453125 0.07942708281250001 0.439453125 0.08723958281250001 0.443359375 0.1119791671875 0.4423828125 0.1184895828125 0.44140625 0.1328125 0.4306640625 0.1380208328125 0.4228515625 0.1380208328125 0.4189453125
0 0.1979166671875 0.4677734375 0.20052083281250002 0.4638671875 0.20052083281250002 0.4541015625 0.1901041671875 0.4423828125 0.1809895828125 0.4375 0.1549479171875 0.4375 0.15234375 0.439453125 0.1471354171875 0.439453125 0.1354166671875 0.4462890625 0.1276041671875 0.4580078125 0.1302083328125 0.4697265625 0.1393229171875 0.4765625 0.15234375 0.482421875 0.171875 0.4814453125 0.1783854171875 0.478515625 0.18359375 0.478515625 0.1901041671875 0.4716796875 0.1979166671875 0.4677734375
0 0.56640625 0.529296875 0.58984375 0.529296875 0.5924479171875 0.52734375 0.6393229171875 0.525390625 0.6419270828125 0.5234375 0.6497395828125 0.5234375 0.6575520828125 0.51953125 0.6692708328125 0.5107421875 0.6744791671875 0.5029296875 0.6744791671875 0.4853515625 0.6614583328125 0.4658203125 0.6614583328125 0.4619140625 0.6432291671875 0.4365234375 0.6432291671875 0.4326171875 0.6354166671875 0.4248046875 0.6354166671875 0.4208984375 0.6276041671875 0.4091796875 0.61328125 0.3984375 0.5924479171875 0.390625 0.5091145828125 0.390625 0.5065104171875 0.392578125 0.4622395828125 0.392578125 0.4596354171875 0.39453125 0.35546875 0.39453125 0.3528645828125 0.396484375 0.33984375 0.396484375 0.3372395828125 0.3984375 0.32421875 0.400390625 0.3098958328125 0.4111328125 0.3020833328125 0.4306640625 0.2994791671875 0.4326171875 0.2994791671875 0.4384765625 0.2890625 0.4580078125 0.2890625 0.4638671875 0.2864583328125 0.4658203125 0.2864583328125 0.4697265625 0.28125 0.4775390625 0.28125 0.4833984375 0.2786458328125 0.4853515625 0.2786458328125 0.4912109375 0.2760416671875 0.4931640625 0.2760416671875 0.5126953125 0.2877604171875 0.52734375 0.30078125 0.533203125 0.30859375 0.533203125 0.3111979171875 0.53515625 0.33203125 0.53515625 0.3346354171875 0.537109375 0.40625 0.5361328125 0.48828125 0.53515625 0.4908854171875 0.533203125 0.5638020828125 0.53125 0.56640625 0.529296875
0 0.78125 0.5634765625 0.796875 0.5517578125 0.796875 0.5498046875 0.8111979171874999 0.54296875 0.8203125 0.5341796875 0.8255208328125001 0.5244140625 0.8255208328125001 0.5068359375 0.8190104171874999 0.501953125 0.8138020828125001 0.5 0.7955729171875 0.5 0.79296875 0.501953125 0.76171875 0.50390625 0.7591145828125 0.505859375 0.7486979171875 0.505859375 0.74609375 0.5078125 0.73046875 0.5078125 0.7278645828125 0.509765625 0.72265625 0.509765625 0.7057291671875 0.5224609375 0.6953125 0.5419921875 0.6796875 0.5517578125 0.6822916671875 0.5556640625 0.6848958328125 0.5791015625 0.6875 0.5810546875 0.6875 0.5849609375 0.6966145828125 0.591796875 0.70703125 0.595703125 0.7291666671875 0.5947265625 0.7356770828125 0.59375 0.75390625 0.5859375 0.78125 0.5654296875 0.78125 0.5634765625
0 0.2552083328125 0.5947265625 0.2578125 0.5927734375 0.2578125 0.5673828125 0.25 0.5615234375 0.24739583281250002 0.5517578125 0.23697916718749998 0.5361328125 0.22005208281250002 0.52734375 0.20963541718749998 0.52734375 0.20703125 0.525390625 0.1731770828125 0.525390625 0.1705729171875 0.5234375 0.1184895828125 0.5234375 0.11328125 0.525390625 0.1041666671875 0.5341796875 0.1041666671875 0.5498046875 0.1145833328125 0.5634765625 0.12890625 0.5703125 0.1354166671875 0.5751953125 0.1354166671875 0.5791015625 0.1575520828125 0.595703125 0.16015625 0.595703125 0.1809895828125 0.609375 0.20703125 0.6171875 0.22395833281250002 0.6162109375 0.23828125 0.61328125 0.24609375 0.609375 0.2552083328125 0.6005859375 0.2552083328125 0.5947265625
0 0.11328125 0.5234375 0.1184895828125 0.51953125 0.1236979171875 0.51953125 0.1263020828125 0.517578125 0.12890625 0.51953125 0.1341145828125 0.51953125 0.13671875 0.517578125 0.1419270828125 0.517578125 0.14453125 0.51953125 0.16015625 0.51953125 0.1627604171875 0.517578125 0.1705729171875 0.521484375 0.22786458281250002 0.5234375 0.23046875 0.525390625 0.23828125 0.525390625 0.23958333281250002 0.5244140625 0.23697916718749998 0.5224609375 0.23958333281250002 0.5185546875 0.24869791718749998 0.513671875 0.25390625 0.513671875 0.2565104171875 0.509765625 0.2591145828125 0.509765625 0.2604166671875 0.5146484375 0.2643229171875 0.515625 0.265625 0.5087890625 0.2630208328125 0.5048828125 0.2708333328125 0.4912109375 0.2708333328125 0.4833984375 0.2734375 0.4814453125 0.2734375 0.4775390625 0.2786458328125 0.4697265625 0.2786458328125 0.4638671875 0.2864583328125 0.4501953125 0.2864583328125 0.4443359375 0.2942708328125 0.4306640625 0.296875 0.4130859375 0.2890625 0.3994140625 0.2669270828125 0.3828125 0.2643229171875 0.3828125 0.23828125 0.365234375 0.23567708281250002 0.365234375 0.234375 0.3623046875 0.21744791718749998 0.349609375 0.21484375 0.349609375 0.2109375 0.3447265625 0.20703125 0.34375 0.1653645828125 0.310546875 0.1497395828125 0.310546875 0.1419270828125 0.314453125 0.13671875 0.314453125 0.1158854171875 0.322265625 0.1015625 0.3310546875 0.07291666718749999 0.3603515625 0.0625 0.3759765625 0.0625 0.3798828125 0.05729166718749999 0.3876953125 0.05729166718749999 0.3935546875 0.05208333281250001 0.4013671875 0.0494791671875 0.4228515625 0.05208333281250001 0.4248046875 0.05208333281250001 0.4462890625 0.0546875 0.4482421875 0.0546875 0.4638671875 0.05729166718749999 0.4658203125 0.05729166718749999 0.4736328125 0.05989583281250001 0.4755859375 0.0625 0.4873046875 0.06770833281250001 0.4931640625 0.0703125 0.5048828125 0.07552083281250001 0.5107421875 0.078125 0.5205078125 0.09114583281250001 0.5380859375 0.09505208281250001 0.541015625 0.09895833281250001 0.5400390625 0.1015625 0.5380859375 0.1015625 0.5302734375 0.1067708328125 0.5244140625 0.11328125 0.5234375
0 0.8515625 0.4677734375 0.8541666671874999 0.4658203125 0.8541666671874999 0.4560546875 0.8567708328125001 0.4541015625 0.8567708328125001 0.4208984375 0.8541666671874999 0.4189453125 0.8541666671874999 0.4072265625 0.8515625 0.4052734375 0.8515625 0.3994140625 0.8489583328125001 0.3974609375 0.8463541671874999 0.3876953125 0.8411458328125001 0.3818359375 0.8411458328125001 0.3779296875 0.8177083328125001 0.3486328125 0.7825520828125 0.3203125 0.7591145828125 0.30859375 0.74609375 0.306640625 0.73828125 0.302734375 0.7200520828125 0.30078125 0.7161458328125 0.3037109375 0.7135416671875 0.3134765625 0.7057291671875 0.3212890625 0.7057291671875 0.3251953125 0.6979166671875 0.3330078125 0.6927083328125 0.3427734375 0.6744791671875 0.3623046875 0.6458333328125 0.3837890625 0.6354166671875 0.3974609375 0.6354166671875 0.4111328125 0.6380208328125 0.4130859375 0.640625 0.4228515625 0.6458333328125 0.4267578125 0.6510416671875 0.4404296875 0.6588541671875 0.4482421875 0.6588541671875 0.4521484375 0.671875 0.4697265625 0.671875 0.4736328125 0.6796875 0.4833984375 0.6822916671875 0.4912109375 0.69921875 0.505859375 0.7096354171875 0.509765625 0.72265625 0.509765625 0.7252604171875 0.5078125 0.7408854171875 0.5078125 0.7434895828125 0.505859375 0.7565104171875 0.505859375 0.7591145828125 0.50390625 0.76953125 0.50390625 0.7721354171875 0.501953125 0.78515625 0.501953125 0.7877604171875 0.5 0.8138020828125001 0.498046875 0.81640625 0.5 0.8216145828125001 0.5 0.828125 0.5048828125 0.83203125 0.51171875 0.8385416671874999 0.5107421875 0.8463541671874999 0.4951171875 0.8463541671874999 0.4873046875 0.8489583328125001 0.4853515625 0.8515625 0.4677734375
0 0.47265625 0.548828125 0.453125 0.5498046875 0.4544270828125 0.5546875 0.4973958328125 0.5537109375 0.5052083328125 0.5517578125 0.50390625 0.546875 0.4752604171875 0.546875 0.47265625 0.548828125
0 0.4921875 0.3525390625 0.48828125 0.34765625 0.46484375 0.345703125 0.4596354171875 0.34375 0.45703125 0.345703125 0.4361979171875 0.34765625 0.4322916671875 0.3505859375 0.4348958328125 0.3544921875 0.4518229171875 0.365234375 0.45703125 0.365234375 0.4596354171875 0.3671875 0.4765625 0.3662109375 0.4791666671875 0.3642578125 0.4791666671875 0.3583984375 0.4856770828125 0.357421875 0.4921875 0.3525390625
0 0.4791666671875 0.3388671875 0.4778645828125 0.333984375 0.4375 0.3349609375 0.44140625 0.33984375 0.4791666671875 0.3388671875
0 0.4934895828125 0.55859375 0.50390625 0.55859375 0.5065104171875 0.560546875 0.5247395828125 0.560546875 0.52734375 0.55859375 0.5716145828125 0.55859375 0.57421875 0.556640625 0.60546875 0.556640625 0.6080729171875 0.5546875 0.65234375 0.552734375 0.6549479171875 0.55078125 0.68359375 0.548828125 0.6979166671875 0.5361328125 0.6940104171875 0.53125 0.6809895828125 0.52734375 0.6184895828125 0.52734375 0.6158854171875 0.529296875 0.5690104171875 0.53125 0.56640625 0.533203125 0.53515625 0.533203125 0.5325520828125 0.53515625 0.4778645828125 0.53515625 0.4752604171875 0.537109375 0.4361979171875 0.537109375 0.43359375 0.5390625 0.29296875 0.5390625 0.2903645828125 0.541015625 0.27734375 0.541015625 0.2747395828125 0.54296875 0.2591145828125 0.544921875 0.25 0.5517578125 0.2526041671875 0.5615234375 0.2643229171875 0.56640625 0.3880208328125 0.5654296875 0.4466145828125 0.564453125 0.4596354171875 0.560546875 0.4908854171875 0.560546875 0.4934895828125 0.55859375
0 0.6796875 0.3564453125 0.7057291671875 0.3271484375 0.7109375 0.3134765625 0.7161458328125 0.3095703125 0.7161458328125 0.3056640625 0.7122395828125 0.302734375 0.6940104171875 0.30859375 0.6848958328125 0.3154296875 0.6848958328125 0.3173828125 0.6796875 0.3193359375 0.6770833328125 0.3251953125 0.6653645828125 0.33203125 0.6575520828125 0.328125 0.65234375 0.328125 0.6432291671875 0.3505859375 0.62890625 0.361328125 0.6158854171875 0.365234375 0.5924479171875 0.365234375 0.58984375 0.36328125 0.58203125 0.36328125 0.5638020828125 0.357421875 0.5598958328125 0.3505859375 0.5546875 0.3466796875 0.5546875 0.3369140625 0.546875 0.3251953125 0.5455729171875 0.318359375 0.5377604171875 0.3203125 0.5221354171875 0.33203125 0.4934895828125 0.33203125 0.4908854171875 0.333984375 0.46484375 0.333984375 0.4622395828125 0.33203125 0.4596354171875 0.333984375 0.39453125 0.333984375 0.37109375 0.3203125 0.3671875 0.3251953125 0.3697916671875 0.3349609375 0.3580729171875 0.345703125 0.3502604171875 0.345703125 0.3372395828125 0.3515625 0.3268229171875 0.3515625 0.32421875 0.353515625 0.30078125 0.353515625 0.2747395828125 0.345703125 0.2604166671875 0.3349609375 0.2591145828125 0.33203125 0.2565104171875 0.33203125 0.24609375 0.33984375 0.23307291718749998 0.33984375 0.22786458281250002 0.3359375 0.22005208281250002 0.333984375 0.20442708281250002 0.322265625 0.18359375 0.31640625 0.1796875 0.3173828125 0.1848958328125 0.3232421875 0.1940104171875 0.330078125 0.1966145828125 0.330078125 0.21484375 0.345703125 0.23046875 0.353515625 0.23177083281250002 0.3564453125 0.2565104171875 0.375 0.26171875 0.375 0.2682291671875 0.3779296875 0.2708333328125 0.3837890625 0.2864583328125 0.3935546875 0.2916666671875 0.4033203125 0.2981770828125 0.408203125 0.3059895828125 0.408203125 0.3372395828125 0.39453125 0.4309895828125 0.39453125 0.43359375 0.392578125 0.4596354171875 0.392578125 0.4622395828125 0.390625 0.53515625 0.390625 0.5377604171875 0.388671875 0.5872395828125 0.388671875 0.58984375 0.390625 0.6002604171875 0.390625 0.6106770828125 0.396484375 0.6184895828125 0.3984375 0.62890625 0.408203125 0.6328125 0.4072265625 0.6354166671875 0.4033203125 0.6354166671875 0.3955078125 0.6432291671875 0.3857421875 0.6796875 0.3564453125