0 0.8072916671874999 0.2744140625 0.8020833328125001 0.2705078125 0.7864583328125 0.2451171875 0.765625 0.2216796875 0.7526041671875 0.2021484375 0.70703125 0.15234375 0.6940104171875 0.146484375 0.6809895828125 0.146484375 0.6783854171875 0.1484375 0.6471354171875 0.1484375 0.64453125 0.150390625 0.62890625 0.150390625 0.6263020828125 0.15234375 0.6106770828125 0.15234375 0.6080729171875 0.154296875 0.6002604171875 0.154296875 0.5911458328125 0.1611328125 0.5911458328125 0.1748046875 0.625 0.2255859375 0.625 0.2294921875 0.6458333328125 0.2587890625 0.6458333328125 0.2626953125 0.6614583328125 0.2861328125 0.6783854171875 0.298828125 0.6861979171875 0.302734375 0.7018229171875 0.3046875 0.7044270828125 0.306640625 0.7591145828125 0.30859375 0.76171875 0.310546875 0.7799479171875 0.310546875 0.7825520828125 0.3125 0.81640625 0.314453125 0.8190104171874999 0.31640625 0.828125 0.3173828125 0.8307291671874999 0.3154296875 0.8177083328125001 0.2958984375 0.8151041671874999 0.2861328125 0.8072916671874999 0.2744140625
0 0.5403645828125 0.2265625 0.5325520828125 0.220703125 0.5221354171875 0.21875 0.5182291671875 0.2216796875 0.5182291671875 0.2353515625 0.5208333328125 0.2373046875 0.5208333328125 0.2412109375 0.53515625 0.25 0.5442708328125 0.2490234375 0.55078125 0.2421875 0.5625 0.2373046875 0.5625 0.2275390625 0.5403645828125 0.2265625
0 0.5598958328125 0.1474609375 0.5598958328125 0.1318359375 0.5572916671875 0.1279296875 0.5377604171875 0.11328125 0.51953125 0.107421875 0.51171875 0.107421875 0.5091145828125 0.10546875 0.4908854171875 0.10546875 0.4700520828125 0.111328125 0.4609375 0.1201171875 0.4609375 0.1240234375 0.4583333328125 0.1259765625 0.4609375 0.1396484375 0.4674479171875 0.142578125 0.48046875 0.154296875 0.4908854171875 0.158203125 0.5091145828125 0.158203125 0.5169270828125 0.162109375 0.5182291671875 0.1611328125 0.5221354171875 0.158203125 0.5481770828125 0.158203125 0.5546875 0.1552734375 0.5598958328125 0.1474609375
0 0.6484375 0.2978515625 0.6510416671875 0.2880859375 0.6484375 0.2861328125 0.6484375 0.2744140625 0.6432291671875 0.2646484375 0.6236979171875 0.251953125 0.59765625 0.244140625 0.5690104171875 0.24609375 0.55078125 0.251953125 0.5416666671875 0.2587890625 0.5416666671875 0.2626953125 0.5390625 0.2646484375 0.5390625 0.2880859375 0.5416666671875 0.2919921875 0.5638020828125 0.30859375 0.57421875 0.3125 0.58984375 0.314453125 0.5924479171875 0.31640625 0.6145833328125 0.3154296875 0.6341145828125 0.3125 0.6354166671875 0.3095703125 0.6432291671875 0.3056640625 0.6484375 0.2978515625
0 0.7421875 0.3486328125 0.7369791671875 0.3525390625 0.7408854171875 0.35546875 0.7473958328125 0.3544921875 0.7473958328125 0.3525390625 0.7578125 0.3447265625 0.7578125 0.3330078125 0.74609375 0.322265625 0.7356770828125 0.318359375 0.7122395828125 0.318359375 0.6979166671875 0.3271484375 0.6953125 0.3310546875 0.6953125 0.3427734375 0.7122395828125 0.35546875 0.7174479171875 0.357421875 0.7317708328125 0.3564453125 0.734375 0.3525390625 0.7317708328125 0.3505859375 0.7330729171875 0.34765625 0.7421875 0.3486328125
0 0.84375 0.3701171875 0.8268229171874999 0.357421875 0.81640625 0.353515625 0.80078125 0.353515625 0.7955729171875 0.35546875 0.7838541671875 0.3662109375 0.7838541671875 0.3759765625 0.7864583328125 0.3798828125 0.7942708328125 0.3857421875 0.7942708328125 0.3876953125 0.8059895828125001 0.39453125 0.8111979171874999 0.39453125 0.8138020828125001 0.396484375 0.8307291671874999 0.3955078125 0.84375 0.3876953125 0.84375 0.3818359375 0.8463541671874999 0.3798828125 0.84375 0.3701171875
0 0.7213541671875 0.3798828125 0.70703125 0.3671875 0.6966145828125 0.36328125 0.67578125 0.36328125 0.6653645828125 0.3671875 0.65625 0.3740234375 0.6510416671875 0.3837890625 0.6510416671875 0.3916015625 0.65625 0.3994140625 0.6653645828125 0.40625 0.6783854171875 0.408203125 0.6809895828125 0.41015625 0.6927083328125 0.4091796875 0.70703125 0.40625 0.71875 0.3955078125 0.7213541671875 0.3916015625 0.7213541671875 0.3798828125
0 0.8072916671874999 0.4111328125 0.7877604171875 0.400390625 0.7643229171875 0.400390625 0.75 0.4091796875 0.75 0.4130859375 0.7447916671875 0.4208984375 0.7473958328125 0.4306640625 0.7669270828125 0.447265625 0.77734375 0.451171875 0.7942708328125 0.4501953125 0.8046875 0.4443359375 0.8125 0.4326171875 0.8125 0.4189453125 0.8072916671874999 0.4111328125
0 0.8138020828125001 0.322265625 0.7981770828125 0.322265625 0.7942708328125 0.3251953125 0.7942708328125 0.3291015625 0.7981770828125 0.333984375 0.80859375 0.337890625 0.8190104171874999 0.337890625 0.8216145828125001 0.33984375 0.8307291671874999 0.3388671875 0.8359375 0.3330078125 0.8294270828125001 0.326171875 0.82421875 0.326171875 0.8138020828125001 0.322265625
0 0.5455729171875 0.091796875 0.5416666671875 0.0927734375 0.546875 0.0947265625 0.5455729171875 0.091796875
0 0.6510416671875 0.1298828125 0.6549479171875 0.13671875 0.66015625 0.13671875 0.6627604171875 0.138671875 0.6770833328125 0.1376953125 0.6848958328125 0.1357421875 0.6783854171875 0.12890625 0.6575520828125 0.126953125 0.6510416671875 0.1298828125
0 0.6041666671875 0.1162109375 0.60546875 0.115234375 0.62890625 0.115234375 0.6328125 0.1123046875 0.6328125 0.1044921875 0.6263020828125 0.09375 0.6158854171875 0.08984375 0.59765625 0.08984375 0.5950520828125 0.091796875 0.58203125 0.09375 0.5807291671875 0.0869140625 0.5755208328125 0.0810546875 0.5755208328125 0.0771484375 0.5716145828125 0.07421875 0.56640625 0.07421875 0.5638020828125 0.072265625 0.54296875 0.072265625 0.53125 0.0810546875 0.52734375 0.087890625 0.5143229171875 0.087890625 0.5026041671875 0.0986328125 0.5065104171875 0.103515625 0.5169270828125 0.10546875 0.5221354171875 0.109375 0.5299479171875 0.109375 0.5403645828125 0.11328125 0.5533854171875 0.11328125 0.5546875 0.1201171875 0.5638020828125 0.1328125 0.5690104171875 0.1328125 0.5716145828125 0.134765625 0.5911458328125 0.1337890625 0.6028645828125 0.1328125 0.609375 0.1279296875 0.6067708328125 0.1181640625 0.6041666671875 0.1162109375
0 0.48046875 0.232421875 0.4765625 0.2353515625 0.4765625 0.2431640625 0.484375 0.2568359375 0.48828125 0.259765625 0.4921875 0.2587890625 0.4973958328125 0.2568359375 0.4973958328125 0.2470703125 0.4895833328125 0.2333984375 0.48046875 0.232421875
0 0.37890625 0.515625 0.3893229171875 0.51171875 0.4049479171875 0.5 0.43359375 0.484375 0.44921875 0.47265625 0.4518229171875 0.47265625 0.48046875 0.453125 0.5065104171875 0.439453125 0.5872395828125 0.38671875 0.58984375 0.38671875 0.6510416671875 0.3408203125 0.6588541671875 0.3310546875 0.6901041671875 0.3095703125 0.65234375 0.29296875 0.6510416671875 0.2958984375 0.6549479171875 0.296875 0.65625 0.2998046875 0.6497395828125 0.30078125 0.6380208328125 0.3115234375 0.6458333328125 0.3154296875 0.6393229171875 0.3203125 0.6341145828125 0.318359375 0.6302083328125 0.3251953125 0.6341145828125 0.328125 0.6432291671875 0.3291015625 0.6341145828125 0.333984375 0.6263020828125 0.333984375 0.6236979171875 0.337890625 0.62109375 0.337890625 0.6184895828125 0.333984375 0.6158854171875 0.333984375 0.61328125 0.337890625 0.6080729171875 0.337890625 0.6067708328125 0.3330078125 0.6002604171875 0.328125 0.5924479171875 0.328125 0.58984375 0.330078125 0.5846354171875 0.328125 0.56640625 0.328125 0.5559895828125 0.322265625 0.5455729171875 0.3203125 0.53515625 0.310546875 0.5234375 0.3095703125 0.5234375 0.3017578125 0.5208333328125 0.2998046875 0.5208333328125 0.2822265625 0.5260416671875 0.2763671875 0.5338541671875 0.2724609375 0.5455729171875 0.25390625 0.5716145828125 0.244140625 0.59765625 0.244140625 0.6002604171875 0.24609375 0.6080729171875 0.24609375 0.6158854171875 0.25 0.62109375 0.25 0.62890625 0.25390625 0.6354166671875 0.2529296875 0.6041666671875 0.2060546875 0.6041666671875 0.2001953125 0.5963541671875 0.1884765625 0.5833333328125 0.1767578125 0.5833333328125 0.1708984375 0.578125 0.1630859375 0.5833333328125 0.1572265625 0.58203125 0.15234375 0.5611979171875 0.1484375 0.5546875 0.1552734375 0.546875 0.1591796875 0.546875 0.1708984375 0.5403645828125 0.17578125 0.53515625 0.17578125 0.52734375 0.181640625 0.5221354171875 0.181640625 0.51171875 0.177734375 0.5065104171875 0.177734375 0.50390625 0.1796875 0.4908854171875 0.1796875 0.48828125 0.177734375 0.4791666671875 0.1767578125 0.4791666671875 0.1728515625 0.4765625 0.1708984375 0.4791666671875 0.1650390625 0.4739583328125 0.1611328125 0.4791666671875 0.1552734375 0.4778645828125 0.15234375 0.4700520828125 0.150390625 0.4661458328125 0.1533203125 0.4713541671875 0.1591796875 0.4661458328125 0.1630859375 0.4661458328125 0.1669921875 0.47265625 0.16796875 0.4739583328125 0.1708984375 0.4674479171875 0.171875 0.4609375 0.1650390625 0.4609375 0.1611328125 0.4583333328125 0.1591796875 0.4583333328125 0.1416015625 0.4609375 0.1396484375 0.4609375 0.1357421875 0.4583333328125 0.1337890625 0.45703125 0.125 0.4518229171875 0.123046875 0.38671875 0.123046875 0.3841145828125 0.125 0.3684895828125 0.125 0.3658854171875 0.126953125 0.3528645828125 0.126953125 0.3502604171875 0.12890625 0.33984375 0.12890625 0.3268229171875 0.1328125 0.31640625 0.1328125 0.3059895828125 0.13671875 0.2981770828125 0.13671875 0.2955729171875 0.138671875 0.2669270828125 0.14453125 0.2591145828125 0.1484375 0.25390625 0.1484375 0.23567708281250002 0.15625 0.23046875 0.15625 0.21484375 0.162109375 0.1953125 0.1748046875 0.1953125 0.1845703125 0.1927083328125 0.1865234375 0.1940104171875 0.203125 0.20182291718749998 0.203125 0.21223958281250002 0.197265625 0.22786458281250002 0.193359375 0.23307291718749998 0.189453125 0.24088541718749998 0.189453125 0.24348958281250002 0.1875 0.2591145828125 0.185546875 0.2799479171875 0.1796875 0.31640625 0.177734375 0.3190104171875 0.17578125 0.35546875 0.177734375 0.3580729171875 0.1796875 0.3736979171875 0.181640625 0.3932291671875 0.1962890625 0.3984375 0.2060546875 0.4010416671875 0.2197265625 0.4036458328125 0.2216796875 0.4036458328125 0.2333984375 0.40625 0.2353515625 0.40625 0.2412109375 0.4088541671875 0.2431640625 0.4140625 0.2587890625 0.4192708328125 0.2646484375 0.4192708328125 0.2685546875 0.4244791671875 0.2744140625 0.4296875 0.2939453125 0.4322916671875 0.2958984375 0.4401041671875 0.3173828125 0.4453125 0.3232421875 0.4479166671875 0.3349609375 0.4557291671875 0.3466796875 0.4609375 0.3623046875 0.4661458328125 0.3681640625 0.46875 0.3798828125 0.4765625 0.3876953125 0.4765625 0.3916015625 0.4817708328125 0.3974609375 0.4817708328125 0.4033203125 0.484375 0.4052734375 0.484375 0.4091796875 0.4765625 0.4228515625 0.4518229171875 0.443359375 0.44921875 0.443359375 0.4153645828125 0.466796875 0.3997395828125 0.474609375 0.38671875 0.484375 0.3841145828125 0.484375 0.36328125 0.5 0.3450520828125 0.509765625 0.34375 0.5126953125 0.3372395828125 0.515625 0.3059895828125 0.5390625 0.3020833328125 0.5400390625 0.2994791671875 0.5458984375 0.2916666671875 0.5498046875 0.2890625 0.5595703125 0.2838541671875 0.5595703125 0.2838541671875 0.5634765625 0.2890625 0.5693359375 0.2890625 0.5751953125 0.29296875 0.578125 0.296875 0.5771484375 0.3020833328125 0.5693359375 0.3268229171875 0.548828125 0.3294270828125 0.548828125 0.37890625 0.515625
0 0.47265625 0.625 0.48046875 0.625 0.4830729171875 0.623046875 0.51171875 0.6171875 0.5325520828125 0.609375 0.5377604171875 0.609375 0.5559895828125 0.6015625 0.5611979171875 0.6015625 0.56640625 0.59765625 0.5716145828125 0.59765625 0.5768229171875 0.59375 0.58203125 0.59375 0.5872395828125 0.58984375 0.6106770828125 0.58203125 0.6158854171875 0.578125 0.6419270828125 0.568359375 0.66015625 0.55859375 0.6731770828125 0.5546875 0.7278645828125 0.52734375 0.7408854171875 0.5234375 0.76953125 0.5078125 0.77734375 0.505859375 0.7903645828125 0.49609375 0.7981770828125 0.494140625 0.81640625 0.482421875 0.8450520828125001 0.46875 0.8671875 0.4521484375 0.8697916671874999 0.4462890625 0.875 0.4423828125 0.875 0.4384765625 0.8802083328125001 0.4326171875 0.8802083328125001 0.4248046875 0.8828125 0.4228515625 0.8828125 0.3994140625 0.8802083328125001 0.3974609375 0.8776041671874999 0.3818359375 0.875 0.3798828125 0.8723958328125001 0.3701171875 0.8671875 0.3642578125 0.8645833328125001 0.3544921875 0.8541666671874999 0.3388671875 0.84765625 0.337890625 0.83984375 0.330078125 0.8359375 0.3310546875 0.8333333328125001 0.3388671875 0.8294270828125001 0.341796875 0.8268229171874999 0.33984375 0.8033854171874999 0.337890625 0.7942708328125 0.3310546875 0.7942708328125 0.3173828125 0.7903645828125 0.314453125 0.7825520828125 0.314453125 0.7799479171875 0.3125 0.7669270828125 0.3125 0.7643229171875 0.310546875 0.7356770828125 0.310546875 0.7330729171875 0.30859375 0.7200520828125 0.30859375 0.7174479171875 0.310546875 0.7096354171875 0.30859375 0.70703125 0.310546875 0.69140625 0.3125 0.68359375 0.318359375 0.6809895828125 0.318359375 0.6302083328125 0.3583984375 0.6302083328125 0.3603515625 0.6002604171875 0.380859375 0.58203125 0.390625 0.5638020828125 0.404296875 0.5481770828125 0.412109375 0.5299479171875 0.42578125 0.51953125 0.4296875 0.5013020828125 0.443359375 0.4908854171875 0.447265625 0.4596354171875 0.46875 0.4440104171875 0.4765625 0.4309895828125 0.486328125 0.4153645828125 0.494140625 0.40234375 0.50390625 0.3919270828125 0.5078125 0.3763020828125 0.51953125 0.3658854171875 0.5234375 0.3606770828125 0.529296875 0.3580729171875 0.529296875 0.33203125 0.546875 0.3294270828125 0.546875 0.3020833328125 0.5693359375 0.2981770828125 0.578125 0.2864583328125 0.5791015625 0.2864583328125 0.5810546875 0.2942708328125 0.5849609375 0.3020833328125 0.6025390625 0.3372395828125 0.626953125 0.3606770828125 0.634765625 0.4166666671875 0.6337890625 0.44140625 0.6328125 0.4440104171875 0.630859375 0.4622395828125 0.62890625 0.47265625 0.625
0 0.26171875 0.146484375 0.2669270828125 0.146484375 0.2747395828125 0.142578125 0.2799479171875 0.142578125 0.2981770828125 0.13671875 0.3059895828125 0.13671875 0.30859375 0.134765625 0.3346354171875 0.130859375 0.3372395828125 0.12890625 0.3502604171875 0.12890625 0.3528645828125 0.126953125 0.37890625 0.125 0.3815104171875 0.123046875 0.40234375 0.123046875 0.4049479171875 0.12109375 0.4440104171875 0.12109375 0.4466145828125 0.123046875 0.45703125 0.123046875 0.4700520828125 0.111328125 0.4856770828125 0.10546875 0.5013020828125 0.103515625 0.515625 0.0947265625 0.5130208328125 0.0927734375 0.5169270828125 0.08984375 0.5208333328125 0.0908203125 0.5208333328125 0.0966796875 0.5234375 0.0986328125 0.5182291671875 0.1025390625 0.5208333328125 0.1064453125 0.5403645828125 0.11328125 0.5455729171875 0.11328125 0.546875 0.1162109375 0.5625 0.1259765625 0.5625 0.1357421875 0.5598958328125 0.1376953125 0.5625 0.1416015625 0.57421875 0.1484375 0.5924479171875 0.150390625 0.5950520828125 0.15234375 0.6158854171875 0.15234375 0.6184895828125 0.150390625 0.63671875 0.150390625 0.6393229171875 0.1484375 0.6940104171875 0.146484375 0.6979166671875 0.1435546875 0.6979166671875 0.1357421875 0.6901041671875 0.1298828125 0.6822916671875 0.1201171875 0.6549479171875 0.1015625 0.6393229171875 0.095703125 0.62890625 0.095703125 0.6158854171875 0.08984375 0.6106770828125 0.08984375 0.58984375 0.08203125 0.5794270828125 0.083984375 0.5690104171875 0.07421875 0.5638020828125 0.07421875 0.5611979171875 0.072265625 0.54296875 0.072265625 0.5377604171875 0.078125 0.5325520828125 0.078125 0.5299479171875 0.080078125 0.5247395828125 0.078125 0.4700520828125 0.078125 0.45703125 0.08203125 0.4440104171875 0.08203125 0.4309895828125 0.0859375 0.4205729171875 0.0859375 0.41796875 0.087890625 0.3893229171875 0.091796875 0.38671875 0.09375 0.3815104171875 0.09375 0.36328125 0.099609375 0.35546875 0.099609375 0.34765625 0.103515625 0.3190104171875 0.109375 0.26953125 0.126953125 0.2643229171875 0.130859375 0.2513020828125 0.134765625 0.22786458281250002 0.146484375 0.1979166671875 0.1669921875 0.19921875 0.169921875 0.20572916718749998 0.1689453125 0.21223958281250002 0.1640625 0.24869791718749998 0.150390625 0.25390625 0.150390625 0.26171875 0.146484375
0 0.3919270828125 0.236328125 0.4010416671875 0.2353515625 0.4010416671875 0.2177734375 0.3984375 0.2158203125 0.3984375 0.2080078125 0.3958333328125 0.2060546875 0.3932291671875 0.1962890625 0.3815104171875 0.185546875 0.3684895828125 0.1796875 0.36328125 0.1796875 0.3606770828125 0.177734375 0.34765625 0.177734375 0.3450520828125 0.17578125 0.30859375 0.17578125 0.3059895828125 0.177734375 0.2877604171875 0.177734375 0.28515625 0.1796875 0.24609375 0.185546875 0.23307291718749998 0.19140625 0.22786458281250002 0.19140625 0.19921875 0.203125 0.1901041671875 0.2119140625 0.1901041671875 0.2177734375 0.20442708281250002 0.23046875 0.23046875 0.240234375 0.23828125 0.240234375 0.24088541718749998 0.2421875 0.3359375 0.2412109375 0.36328125 0.240234375 0.3658854171875 0.23828125 0.3893229171875 0.23828125 0.3919270828125 0.236328125
0 0.47265625 0.625 0.48046875 0.625 0.4830729171875 0.623046875 0.51171875 0.6171875 0.51953125 0.61328125 0.5377604171875 0.609375 0.5690104171875 0.59765625 0.57421875 0.59375 0.5794270828125 0.59375 0.60546875 0.583984375 0.6106770828125 0.580078125 0.6471354171875 0.56640625 0.6809895828125 0.548828125 0.6940104171875 0.544921875 0.70703125 0.537109375 0.71484375 0.53515625 0.72265625 0.529296875 0.7408854171875 0.5234375 0.7486979171875 0.517578125 0.77734375 0.505859375 0.7877604171875 0.498046875 0.8059895828125001 0.490234375 0.82421875 0.478515625 0.8450520828125001 0.46875 0.8723958328125001 0.4462890625 0.8802083328125001 0.4326171875 0.8802083328125001 0.4267578125 0.8828125 0.4248046875 0.8828125 0.3994140625 0.8802083328125001 0.3974609375 0.8802083328125001 0.3896484375 0.8776041671874999 0.3876953125 0.8776041671874999 0.3818359375 0.875 0.3798828125 0.8723958328125001 0.3701171875 0.8671875 0.3642578125 0.8645833328125001 0.3544921875 0.8541666671874999 0.3388671875 0.8450520828125001 0.337890625 0.8372395828125001 0.333984375 0.83203125 0.33984375 0.8138020828125001 0.33984375 0.8111979171874999 0.337890625 0.8033854171874999 0.337890625 0.7942708328125 0.3310546875 0.7942708328125 0.3232421875 0.796875 0.3193359375 0.7903645828125 0.314453125 0.78515625 0.314453125 0.7825520828125 0.3125 0.7669270828125 0.3125 0.7643229171875 0.310546875 0.7356770828125 0.310546875 0.7330729171875 0.30859375 0.70703125 0.30859375 0.7044270828125 0.310546875 0.69140625 0.3125 0.68359375 0.318359375 0.6809895828125 0.318359375 0.6302083328125 0.3583984375 0.6302083328125 0.3603515625 0.6263020828125 0.361328125 0.59765625 0.3828125 0.5794270828125 0.392578125 0.5299479171875 0.42578125 0.52734375 0.42578125 0.48828125 0.451171875 0.47265625 0.458984375 0.4596354171875 0.46875 0.4440104171875 0.4765625 0.4153645828125 0.49609375 0.3763020828125 0.517578125 0.3606770828125 0.529296875 0.34765625 0.53515625 0.3203125 0.5537109375 0.3203125 0.5556640625 0.3046875 0.5673828125 0.2994791671875 0.5771484375 0.2955729171875 0.580078125 0.2903645828125 0.578125 0.2864583328125 0.5791015625 0.2864583328125 0.5810546875 0.2942708328125 0.5849609375 0.296875 0.5947265625 0.3098958328125 0.6103515625 0.3450520828125 0.630859375 0.3502604171875 0.630859375 0.3606770828125 0.634765625 0.4140625 0.6337890625 0.4518229171875 0.630859375 0.4544270828125 0.62890625 0.4622395828125 0.62890625 0.47265625 0.625