0 0.3411458328125 0.3603515625 0.33203125 0.353515625 0.3059895828125 0.353515625 0.2955729171875 0.357421875 0.2838541671875 0.3662109375 0.2838541671875 0.3740234375 0.2903645828125 0.37890625 0.3177083328125 0.3779296875 0.3294270828125 0.375 0.3372395828125 0.37109375 0.3411458328125 0.3662109375 0.3411458328125 0.3603515625
0 0.6002604171875 0.3359375 0.5794270828125 0.333984375 0.55859375 0.33984375 0.5520833328125 0.3447265625 0.5520833328125 0.3525390625 0.55859375 0.357421875 0.5690104171875 0.361328125 0.5911458328125 0.3603515625 0.6028645828125 0.357421875 0.6119791671875 0.3505859375 0.6119791671875 0.3427734375 0.6002604171875 0.3359375
0 0.3645833328125 0.3740234375 0.3645833328125 0.3623046875 0.3502604171875 0.3515625 0.33984375 0.34765625 0.3111979171875 0.34765625 0.30859375 0.349609375 0.30078125 0.349609375 0.2825520828125 0.35546875 0.2708333328125 0.3642578125 0.265625 0.3720703125 0.265625 0.3837890625 0.2734375 0.3896484375 0.2734375 0.3916015625 0.28515625 0.396484375 0.29296875 0.396484375 0.2955729171875 0.3984375 0.3125 0.3974609375 0.3216145828125 0.396484375 0.33984375 0.390625 0.35546875 0.3828125 0.3645833328125 0.3740234375
0 0.6328125 0.3466796875 0.6158854171875 0.33203125 0.6028645828125 0.328125 0.58984375 0.328125 0.5872395828125 0.326171875 0.58203125 0.328125 0.5690104171875 0.328125 0.55078125 0.333984375 0.5364583328125 0.3447265625 0.53125 0.3583984375 0.5338541671875 0.3603515625 0.5338541671875 0.3642578125 0.54296875 0.373046875 0.5481770828125 0.373046875 0.5638020828125 0.37890625 0.5963541671875 0.3779296875 0.60546875 0.376953125 0.6236979171875 0.37109375 0.6328125 0.3583984375 0.6328125 0.3466796875
0 0.4713541671875 0.3876953125 0.4713541671875 0.3857421875 0.4596354171875 0.37890625 0.4466145828125 0.37890625 0.4427083328125 0.3837890625 0.4427083328125 0.3896484375 0.4244791671875 0.3994140625 0.4309895828125 0.404296875 0.4466145828125 0.404296875 0.44921875 0.40625 0.4635416671875 0.4052734375 0.4778645828125 0.40234375 0.4817708328125 0.3994140625 0.4817708328125 0.3955078125 0.4713541671875 0.3876953125
0 0.2513020828125 0.33984375 0.25 0.3369140625 0.2526041671875 0.3330078125 0.24348958281250002 0.32421875 0.22265625 0.32421875 0.2109375 0.3291015625 0.2109375 0.3330078125 0.20833333281250002 0.3349609375 0.20963541718749998 0.349609375 0.21484375 0.3515625 0.22786458281250002 0.3515625 0.22916666718749998 0.3564453125 0.23828125 0.36328125 0.24609375 0.36328125 0.24869791718749998 0.365234375 0.2682291671875 0.3642578125 0.2864583328125 0.3486328125 0.2799479171875 0.33984375 0.2747395828125 0.337890625 0.2513020828125 0.33984375
0 0.23697916718749998 0.3662109375 0.23046875 0.359375 0.21223958281250002 0.357421875 0.20963541718749998 0.3515625 0.19140625 0.345703125 0.17578125 0.345703125 0.1640625 0.3505859375 0.15625 0.3642578125 0.15625 0.3701171875 0.16015625 0.373046875 0.17578125 0.373046875 0.1783854171875 0.37109375 0.1861979171875 0.37109375 0.1875 0.3857421875 0.19140625 0.388671875 0.1966145828125 0.388671875 0.19921875 0.390625 0.22395833281250002 0.3896484375 0.234375 0.3837890625 0.234375 0.3779296875 0.23697916718749998 0.3759765625 0.23697916718749998 0.3662109375
0 0.62109375 0.28515625 0.6171875 0.2900390625 0.6171875 0.2958984375 0.62109375 0.298828125 0.6354166671875 0.2978515625 0.640625 0.2939453125 0.640625 0.2900390625 0.6341145828125 0.28515625 0.62109375 0.28515625
0 0.69921875 0.28515625 0.6809895828125 0.28515625 0.6666666671875 0.2919921875 0.6640625 0.2998046875 0.6705729171875 0.3046875 0.68359375 0.306640625 0.6861979171875 0.30859375 0.7057291671875 0.3076171875 0.7174479171875 0.3046875 0.7213541671875 0.2998046875 0.7122395828125 0.2890625 0.69921875 0.28515625
0 0.7643229171875 0.3046875 0.7408854171875 0.3046875 0.7317708328125 0.3095703125 0.7291666671875 0.3193359375 0.7356770828125 0.32421875 0.7486979171875 0.328125 0.7565104171875 0.328125 0.7591145828125 0.330078125 0.7760416671875 0.3291015625 0.78125 0.3271484375 0.7838541671875 0.3193359375 0.76953125 0.306640625 0.7643229171875 0.3046875
0 0.6549479171875 0.310546875 0.62890625 0.310546875 0.6145833328125 0.3193359375 0.6145833328125 0.3291015625 0.62890625 0.3359375 0.6588541671875 0.3349609375 0.6666666671875 0.3310546875 0.6692708328125 0.3212890625 0.6666666671875 0.3173828125 0.6549479171875 0.310546875
0 0.72265625 0.33203125 0.7174479171875 0.33203125 0.71484375 0.330078125 0.6940104171875 0.330078125 0.6796875 0.3388671875 0.6770833328125 0.3466796875 0.6861979171875 0.35546875 0.70703125 0.361328125 0.7239583328125 0.3603515625 0.734375 0.3564453125 0.7369791671875 0.3525390625 0.7369791671875 0.3447265625 0.72265625 0.33203125
0 0.2877604171875 0.3125 0.28125 0.3212890625 0.28515625 0.326171875 0.2942708328125 0.3251953125 0.3020833328125 0.3212890625 0.3020833328125 0.3173828125 0.2955729171875 0.3125 0.2877604171875 0.3125
0 0.45703125 0.3515625 0.48046875 0.3515625 0.4830729171875 0.349609375 0.50390625 0.349609375 0.5065104171875 0.34765625 0.52734375 0.34765625 0.5299479171875 0.345703125 0.53515625 0.345703125 0.55078125 0.333984375 0.5690104171875 0.328125 0.5794270828125 0.328125 0.5885416671875 0.3251953125 0.6015625 0.2900390625 0.59765625 0.287109375 0.5768229171875 0.287109375 0.57421875 0.2890625 0.5169270828125 0.291015625 0.5143229171875 0.29296875 0.4674479171875 0.294921875 0.46484375 0.296875 0.4466145828125 0.296875 0.4440104171875 0.298828125 0.4205729171875 0.298828125 0.41796875 0.30078125 0.40234375 0.30078125 0.3997395828125 0.302734375 0.37890625 0.302734375 0.3763020828125 0.3046875 0.3606770828125 0.3046875 0.3580729171875 0.306640625 0.3424479171875 0.306640625 0.33984375 0.30859375 0.3268229171875 0.30859375 0.3216145828125 0.310546875 0.3203125 0.3232421875 0.3229166671875 0.3251953125 0.3255208328125 0.3427734375 0.3294270828125 0.345703125 0.34765625 0.349609375 0.36328125 0.359375 0.3828125 0.3583984375 0.41015625 0.357421875 0.4127604171875 0.35546875 0.4544270828125 0.353515625 0.45703125 0.3515625
0 0.203125 0.6611328125 0.203125 0.6572265625 0.22135416718749998 0.6318359375 0.2265625 0.6181640625 0.23958333281250002 0.5986328125 0.23958333281250002 0.5947265625 0.24739583281250002 0.5830078125 0.25 0.5732421875 0.2552083328125 0.5673828125 0.2630208328125 0.5458984375 0.2708333328125 0.5361328125 0.2708333328125 0.5322265625 0.2786458328125 0.5224609375 0.2786458328125 0.5185546875 0.2838541671875 0.5107421875 0.29296875 0.501953125 0.3763020828125 0.501953125 0.37890625 0.5 0.4127604171875 0.5 0.4153645828125 0.498046875 0.4778645828125 0.49609375 0.48046875 0.494140625 0.49609375 0.494140625 0.4986979171875 0.4921875 0.51953125 0.4921875 0.5221354171875 0.490234375 0.54296875 0.490234375 0.5455729171875 0.48828125 0.5872395828125 0.486328125 0.58984375 0.484375 0.61328125 0.482421875 0.6263020828125 0.478515625 0.6549479171875 0.4765625 0.6692708328125 0.4853515625 0.6822916671875 0.4990234375 0.6979166671875 0.5205078125 0.6979166671875 0.5244140625 0.703125 0.5283203125 0.7161458328125 0.5478515625 0.7161458328125 0.5517578125 0.7291666671875 0.5712890625 0.7369791671875 0.5791015625 0.7369791671875 0.5830078125 0.7421875 0.5908203125 0.7473958328125 0.5947265625 0.7526041671875 0.6044921875 0.7578125 0.6083984375 0.7630208328125 0.6181640625 0.7682291671875 0.6220703125 0.78125 0.6396484375 0.7981770828125 0.65234375 0.8033854171874999 0.654296875 0.8138020828125001 0.654296875 0.8294270828125001 0.6484375 0.8424479171874999 0.640625 0.8502604171874999 0.638671875 0.8580729171874999 0.6328125 0.8658854171874999 0.630859375 0.87109375 0.626953125 0.8815104171874999 0.625 0.8893229171874999 0.62109375 0.9036458328125001 0.6083984375 0.9036458328125001 0.5966796875 0.90625 0.5947265625 0.9036458328125001 0.5498046875 0.9010416671874999 0.5478515625 0.9010416671874999 0.5361328125 0.8984375 0.5341796875 0.8984375 0.5263671875 0.8958333328125001 0.5244140625 0.8932291671874999 0.5048828125 0.8854166671874999 0.4892578125 0.8802083328125001 0.4677734375 0.875 0.4619140625 0.875 0.4560546875 0.8723958328125001 0.4541015625 0.8697916671874999 0.4443359375 0.8645833328125001 0.4384765625 0.8619791671874999 0.4287109375 0.8567708328125001 0.4228515625 0.8515625 0.4072265625 0.84375 0.3994140625 0.84375 0.3935546875 0.8177083328125001 0.3544921875 0.8125 0.3505859375 0.8072916671874999 0.3408203125 0.7942708328125 0.3271484375 0.7669270828125 0.3046875 0.7643229171875 0.3046875 0.7565104171875 0.298828125 0.7513020828125 0.298828125 0.74609375 0.294921875 0.7252604171875 0.287109375 0.70703125 0.28515625 0.7044270828125 0.283203125 0.6263020828125 0.283203125 0.6236979171875 0.28515625 0.6158854171875 0.28515625 0.60546875 0.291015625 0.5950520828125 0.287109375 0.5872395828125 0.287109375 0.5846354171875 0.2890625 0.5533854171875 0.2890625 0.55078125 0.291015625 0.49609375 0.29296875 0.4934895828125 0.294921875 0.45703125 0.296875 0.4544270828125 0.298828125 0.4075520828125 0.30078125 0.4049479171875 0.302734375 0.3684895828125 0.3046875 0.3658854171875 0.306640625 0.3502604171875 0.306640625 0.34765625 0.30859375 0.3268229171875 0.30859375 0.3190104171875 0.31640625 0.3111979171875 0.310546875 0.2721354171875 0.3125 0.26953125 0.314453125 0.2513020828125 0.31640625 0.24088541718749998 0.3203125 0.23307291718749998 0.3203125 0.22786458281250002 0.32421875 0.22265625 0.32421875 0.20963541718749998 0.330078125 0.20442708281250002 0.330078125 0.1966145828125 0.3359375 0.1888020828125 0.337890625 0.1783854171875 0.345703125 0.1705729171875 0.34765625 0.1614583328125 0.3544921875 0.15625 0.3642578125 0.1458333328125 0.3701171875 0.1432291671875 0.3759765625 0.1328125 0.3857421875 0.1302083328125 0.3935546875 0.1223958328125 0.4013671875 0.1197916671875 0.4111328125 0.1145833328125 0.4150390625 0.1145833328125 0.4189453125 0.1119791671875 0.4208984375 0.109375 0.4306640625 0.1041666671875 0.4365234375 0.1041666671875 0.4404296875 0.09895833281250001 0.4482421875 0.09895833281250001 0.4541015625 0.09114583281250001 0.4677734375 0.08854166718749999 0.4833984375 0.0859375 0.4853515625 0.0859375 0.4912109375 0.08072916718749999 0.5009765625 0.08072916718749999 0.5087890625 0.078125 0.5107421875 0.07291666718749999 0.5439453125 0.0703125 0.5458984375 0.0703125 0.5595703125 0.06770833281250001 0.5615234375 0.06770833281250001 0.5927734375 0.06510416718749999 0.5947265625 0.06510416718749999 0.6201171875 0.06770833281250001 0.6220703125 0.06770833281250001 0.6416015625 0.0703125 0.6435546875 0.0703125 0.6494140625 0.07291666718749999 0.6513671875 0.07291666718749999 0.6552734375 0.08203125 0.6640625 0.1002604171875 0.66796875 0.11328125 0.673828125 0.1184895828125 0.673828125 0.1393229171875 0.681640625 0.14453125 0.681640625 0.16015625 0.689453125 0.171875 0.6884765625 0.17578125 0.6875 0.1927083328125 0.6748046875 0.1979166671875 0.6650390625 0.203125 0.6611328125
0 0.4322916671875 0.4248046875 0.4361979171875 0.431640625 0.46875 0.4306640625 0.4765625 0.4267578125 0.47265625 0.419921875 0.4388020828125 0.419921875 0.4322916671875 0.4248046875
0 0.1614583328125 0.6533203125 0.1614583328125 0.6455078125 0.1666666671875 0.6376953125 0.1692708328125 0.6220703125 0.1770833328125 0.6083984375 0.1770833328125 0.5966796875 0.1822916671875 0.5927734375 0.1875 0.5791015625 0.1979166671875 0.5654296875 0.1979166671875 0.5576171875 0.21875 0.5361328125 0.21875 0.5322265625 0.24348958281250002 0.509765625 0.2721354171875 0.5 0.3684895828125 0.5 0.37109375 0.498046875 0.3893229171875 0.498046875 0.3919270828125 0.49609375 0.3997395828125 0.498046875 0.4127604171875 0.494140625 0.43359375 0.494140625 0.4361979171875 0.4921875 0.4778645828125 0.4921875 0.48046875 0.490234375 0.49609375 0.490234375 0.4986979171875 0.48828125 0.50390625 0.490234375 0.5065104171875 0.48828125 0.5377604171875 0.48828125 0.5403645828125 0.486328125 0.5924479171875 0.484375 0.5950520828125 0.482421875 0.60546875 0.482421875 0.6080729171875 0.48046875 0.6158854171875 0.48046875 0.62890625 0.4765625 0.6393229171875 0.4765625 0.6419270828125 0.474609375 0.6653645828125 0.474609375 0.66796875 0.4765625 0.6809895828125 0.478515625 0.6888020828125 0.484375 0.6966145828125 0.486328125 0.6979166671875 0.4892578125 0.7057291671875 0.4931640625 0.7083333328125 0.4990234375 0.7161458328125 0.5029296875 0.71875 0.5087890625 0.7291666671875 0.5166015625 0.7369791671875 0.5302734375 0.7447916671875 0.5361328125 0.7604166671875 0.5615234375 0.765625 0.5654296875 0.7708333328125 0.5791015625 0.7838541671875 0.5986328125 0.7890625 0.6025390625 0.7890625 0.6083984375 0.7916666671875 0.6103515625 0.7942708328125 0.6201171875 0.7994791671875 0.6259765625 0.8020833328125001 0.6376953125 0.8125 0.6435546875 0.8125 0.6494140625 0.81640625 0.65234375 0.8268229171874999 0.6484375 0.8372395828125001 0.640625 0.8424479171874999 0.640625 0.8528645828125001 0.63671875 0.8671875 0.6279296875 0.8515625 0.6142578125 0.8333333328125001 0.5869140625 0.828125 0.5712890625 0.8151041671874999 0.5517578125 0.8098958328125001 0.5380859375 0.7916666671875 0.5126953125 0.7916666671875 0.5087890625 0.7760416671875 0.4853515625 0.7708333328125 0.4814453125 0.7708333328125 0.4775390625 0.765625 0.4697265625 0.7552083328125 0.4599609375 0.75 0.4501953125 0.7395833328125 0.4384765625 0.7317708328125 0.4326171875 0.7291666671875 0.4267578125 0.7213541671875 0.4208984375 0.7057291671875 0.4033203125 0.6848958328125 0.3876953125 0.6848958328125 0.3857421875 0.6497395828125 0.36328125 0.6419270828125 0.359375 0.6341145828125 0.359375 0.6276041671875 0.3701171875 0.6276041671875 0.3740234375 0.6302083328125 0.3759765625 0.62109375 0.38671875 0.58984375 0.3984375 0.5690104171875 0.40234375 0.5611979171875 0.3984375 0.55078125 0.3984375 0.5455729171875 0.396484375 0.5338541671875 0.3857421875 0.53125 0.3798828125 0.5390625 0.3740234375 0.5390625 0.3701171875 0.53125 0.3623046875 0.53125 0.3505859375 0.5065104171875 0.349609375 0.50390625 0.3515625 0.4830729171875 0.3515625 0.48046875 0.353515625 0.4674479171875 0.353515625 0.46484375 0.35546875 0.44140625 0.35546875 0.4388020828125 0.357421875 0.4283854171875 0.357421875 0.4270833328125 0.3662109375 0.4205729171875 0.373046875 0.4192708328125 0.3623046875 0.4153645828125 0.359375 0.3919270828125 0.359375 0.3893229171875 0.361328125 0.3736979171875 0.361328125 0.3684895828125 0.36328125 0.3645833328125 0.3701171875 0.3645833328125 0.3759765625 0.3723958328125 0.3837890625 0.3697916671875 0.3916015625 0.3645833328125 0.3974609375 0.3372395828125 0.416015625 0.31640625 0.421875 0.2825520828125 0.421875 0.2799479171875 0.419921875 0.2721354171875 0.419921875 0.2682291671875 0.4130859375 0.2682291671875 0.4052734375 0.2708333328125 0.4013671875 0.2682291671875 0.3994140625 0.2669270828125 0.392578125 0.26171875 0.396484375 0.25390625 0.3984375 0.2526041671875 0.4013671875 0.24869791718749998 0.40234375 0.22916666718749998 0.4169921875 0.1901041671875 0.4580078125 0.1848958328125 0.4658203125 0.1848958328125 0.4697265625 0.1692708328125 0.4912109375 0.1692708328125 0.4951171875 0.1640625 0.5009765625 0.1588541671875 0.5146484375 0.1536458328125 0.5205078125 0.1536458328125 0.5244140625 0.1458333328125 0.5380859375 0.1458333328125 0.5439453125 0.1432291671875 0.5458984375 0.1432291671875 0.5537109375 0.1380208328125 0.5595703125 0.1380208328125 0.5654296875 0.1302083328125 0.5791015625 0.1276041671875 0.5966796875 0.1223958328125 0.6044921875 0.1223958328125 0.6181640625 0.1197916671875 0.6201171875 0.1119791671875 0.6494140625 0.1041666671875 0.6630859375 0.1041666671875 0.6669921875 0.1080729171875 0.669921875 0.1184895828125 0.669921875 0.13671875 0.677734375 0.1536458328125 0.6767578125 0.1536458328125 0.6728515625 0.15625 0.6708984375 0.15625 0.6591796875 0.1614583328125 0.6533203125
0 0.5052083328125 0.4853515625 0.5052083328125 0.4814453125 0.5013020828125 0.478515625 0.46484375 0.478515625 0.4622395828125 0.48046875 0.4388020828125 0.48046875 0.4361979171875 0.482421875 0.4231770828125 0.482421875 0.4166666671875 0.4873046875 0.4166666671875 0.4912109375 0.4205729171875 0.494140625 0.4296875 0.4931640625 0.4674479171875 0.4921875 0.4700520828125 0.490234375 0.5013020828125 0.48828125 0.5052083328125 0.4853515625
0 0.45703125 0.3515625 0.48046875 0.3515625 0.4830729171875 0.349609375 0.5065104171875 0.349609375 0.5091145828125 0.34765625 0.52734375 0.34765625 0.5299479171875 0.345703125 0.53515625 0.345703125 0.55078125 0.333984375 0.5690104171875 0.328125 0.58203125 0.328125 0.5885416671875 0.3251953125 0.6015625 0.2900390625 0.59765625 0.287109375 0.5768229171875 0.287109375 0.57421875 0.2890625 0.5169270828125 0.291015625 0.5143229171875 0.29296875 0.4674479171875 0.294921875 0.46484375 0.296875 0.4466145828125 0.296875 0.4440104171875 0.298828125 0.4205729171875 0.298828125 0.41796875 0.30078125 0.40234375 0.30078125 0.3997395828125 0.302734375 0.37890625 0.302734375 0.3763020828125 0.3046875 0.3606770828125 0.3046875 0.3580729171875 0.306640625 0.3424479171875 0.306640625 0.33984375 0.30859375 0.3268229171875 0.30859375 0.3216145828125 0.310546875 0.3203125 0.3232421875 0.3229166671875 0.3251953125 0.3255208328125 0.3427734375 0.3294270828125 0.345703125 0.34765625 0.349609375 0.36328125 0.359375 0.3828125 0.3583984375 0.4309895828125 0.35546875 0.43359375 0.353515625 0.4544270828125 0.353515625 0.45703125 0.3515625
0 0.3151041671875 0.3251953125 0.3151041671875 0.3154296875 0.3111979171875 0.310546875 0.30078125 0.310546875 0.296875 0.3134765625 0.2994791671875 0.3232421875 0.2955729171875 0.326171875 0.2877604171875 0.326171875 0.2838541671875 0.3232421875 0.2838541671875 0.3193359375 0.2916666671875 0.3134765625 0.2903645828125 0.3125 0.26171875 0.314453125 0.2591145828125 0.31640625 0.2513020828125 0.31640625 0.2421875 0.3212890625 0.2421875 0.3232421875 0.2526041671875 0.3310546875 0.2565104171875 0.337890625 0.27734375 0.337890625 0.2903645828125 0.349609375 0.2994791671875 0.3486328125 0.3111979171875 0.34765625 0.3177083328125 0.3447265625 0.3177083328125 0.3271484375 0.3151041671875 0.3251953125
0 0.109375 0.6416015625 0.1145833328125 0.6318359375 0.1145833328125 0.6220703125 0.1197916671875 0.6123046875 0.1197916671875 0.6025390625 0.1223958328125 0.6005859375 0.125 0.5849609375 0.1276041671875 0.5830078125 0.1302083328125 0.5693359375 0.1354166671875 0.5615234375 0.1354166671875 0.5556640625 0.1380208328125 0.5537109375 0.1380208328125 0.5498046875 0.1458333328125 0.5361328125 0.1458333328125 0.5302734375 0.1510416671875 0.5244140625 0.15625 0.5087890625 0.1666666671875 0.4931640625 0.1666666671875 0.4892578125 0.1875 0.4580078125 0.1979166671875 0.4482421875 0.20833333281250002 0.4326171875 0.21875 0.4248046875 0.23958333281250002 0.4033203125 0.24869791718749998 0.3984375 0.2565104171875 0.390625 0.2604166671875 0.3896484375 0.2630208328125 0.3857421875 0.2630208328125 0.3740234375 0.265625 0.3720703125 0.2643229171875 0.365234375 0.24609375 0.365234375 0.24088541718749998 0.36328125 0.23697916718749998 0.3662109375 0.234375 0.3837890625 0.22265625 0.390625 0.19921875 0.390625 0.1966145828125 0.388671875 0.19140625 0.388671875 0.1875 0.3857421875 0.1875 0.3740234375 0.18359375 0.37109375 0.1809895828125 0.373046875 0.16796875 0.375 0.1653645828125 0.373046875 0.16015625 0.373046875 0.1549479171875 0.369140625 0.1497395828125 0.369140625 0.1380208328125 0.3798828125 0.1197916671875 0.4072265625 0.1197916671875 0.4111328125 0.1041666671875 0.4365234375 0.1041666671875 0.4423828125 0.1015625 0.4443359375 0.1015625 0.4482421875 0.09375 0.4619140625 0.09114583281250001 0.4755859375 0.08854166718749999 0.4775390625 0.08854166718749999 0.4853515625 0.08333333281250001 0.4931640625 0.08333333281250001 0.5009765625 0.08072916718749999 0.5029296875 0.08072916718749999 0.5107421875 0.078125 0.5126953125 0.078125 0.5224609375 0.07552083281250001 0.5244140625 0.07552083281250001 0.5322265625 0.07291666718749999 0.5341796875 0.07291666718749999 0.5458984375 0.0703125 0.5478515625 0.0703125 0.5595703125 0.06770833281250001 0.5615234375 0.06770833281250001 0.5869140625 0.06510416718749999 0.5888671875 0.06510416718749999 0.6240234375 0.06770833281250001 0.6259765625 0.06770833281250001 0.6416015625 0.0703125 0.6435546875 0.0703125 0.6494140625 0.07291666718749999 0.6513671875 0.07291666718749999 0.6552734375 0.08723958281250001 0.666015625 0.09895833281250001 0.6650390625 0.1041666671875 0.6591796875 0.1041666671875 0.6552734375 0.109375 0.6474609375 0.109375 0.6416015625